onset	duration	trial_type	value	sample
7.48046875	0.0	CALE	1	1915
10.0	0.0	CH06	2	2560
14.53125	0.0	ROWS	5	3720
14.8984375	0.0	ROWE	4	3814
14.95703125	0.0	ROWS	5	3829
18.99609375	0.0	ROWE	4	4863
19.046875	0.0	ROWS	5	4876
23.1640625	0.0	ROWE	4	5930
23.22265625	0.0	ROWS	5	5945
23.99609375	0.0	ROWE	4	6143
24.0546875	0.0	ROWS	5	6158
28.12890625	0.0	ROWE	4	7201
28.1953125	0.0	ROWS	5	7218
32.34765625	0.0	ROWE	4	8281
32.41015625	0.0	ROWS	5	8297
34.9140625	0.0	ROWE	4	8938
34.98046875	0.0	ROWS	5	8955
39.11328125	0.0	ROWE	4	10013
39.1640625	0.0	ROWS	5	10026
43.3125	0.0	ROWE	4	11088
43.375	0.0	ROWS	5	11104
44.1640625	0.0	ROWE	4	11306
44.21875	0.0	ROWS	5	11320
48.296875	0.0	ROWE	4	12364
48.35546875	0.0	ROWS	5	12379
52.46484375	0.0	ROWE	4	13431
52.5234375	0.0	ROWS	5	13446
54.61328125	0.0	ROWE	4	13981
54.67578125	0.0	ROWS	5	13997
58.79296875	0.0	ROWE	4	15051
58.8671875	0.0	ROWS	5	15070
63.02734375	0.0	ROWE	4	16135
63.09765625	0.0	ROWS	5	16153
67.34765625	0.0	ROWE	4	17241
67.40234375	0.0	ROWS	5	17255
71.61328125	0.0	ROWE	4	18333
71.671875	0.0	ROWS	5	18348
74.12890625	0.0	ROWE	4	18977
74.1875	0.0	ROWS	5	18992
78.296875	0.0	ROWE	4	20044
78.3515625	0.0	ROWS	5	20058
82.51171875	0.0	ROWE	4	21123
82.57421875	0.0	ROWS	5	21139
84.1796875	0.0	ROWE	4	21550
84.23828125	0.0	ROWS	5	21565
88.39453125	0.0	ROWE	4	22629
88.4453125	0.0	ROWS	5	22642
92.53125	0.0	ROWE	4	23688
92.58203125	0.0	ROWS	5	23701
92.9609375	0.0	ROWE	4	23798
93.015625	0.0	ROWS	5	23812
96.98046875	0.0	ROWE	4	24827
97.03515625	0.0	ROWS	5	24841
101.24609375	0.0	ROWE	4	25919
101.3046875	0.0	ROWS	5	25934
102.91015625	0.0	ROWE	4	26345
102.97265625	0.0	ROWS	5	26361
107.11328125	0.0	ROWE	4	27421
107.16796875	0.0	ROWS	5	27435
111.3125	0.0	ROWE	4	28496
111.37109375	0.0	ROWS	5	28511
112.578125	0.0	ROWE	4	28820
112.625	0.0	ROWS	5	28832
116.59765625	0.0	ROWE	4	29849
116.65234375	0.0	ROWS	5	29863
118.74609375	0.0	ROWE	4	30399
118.8046875	0.0	ROWS	5	30414
122.91015625	0.0	ROWE	4	31465
122.96484375	0.0	ROWS	5	31479
127.12890625	0.0	ROWE	4	32545
127.1875	0.0	ROWS	5	32560
128.4296875	0.0	ROWE	4	32878
128.48828125	0.0	ROWS	5	32893
132.62890625	0.0	ROWE	4	33953
132.6875	0.0	ROWS	5	33968
136.89453125	0.0	ROWE	4	35045
136.953125	0.0	ROWS	5	35060
138.55859375	0.0	ROWE	4	35471
138.62109375	0.0	ROWS	5	35487
142.77734375	0.0	ROWE	4	36551
142.8359375	0.0	ROWS	5	36566
146.94140625	0.0	ROWE	4	37617
147.0078125	0.0	ROWS	5	37634
149.02734375	0.0	ROWE	4	38151
149.08984375	0.0	ROWS	5	38167
153.29296875	0.0	ROWE	4	39243
153.34375	0.0	ROWS	5	39256
157.52734375	0.0	ROWE	4	40327
157.5859375	0.0	ROWS	5	40342
158.77734375	0.0	ROWE	4	40647
158.83984375	0.0	ROWS	5	40663
162.9921875	0.0	ROWE	4	41726
163.0546875	0.0	ROWS	5	41742
167.30859375	0.0	ROWE	4	42831
167.37890625	0.0	ROWS	5	42849
170.80859375	0.0	ROWE	4	43727
170.875	0.0	ROWS	5	43744
175.0078125	0.0	ROWE	4	44802
175.06640625	0.0	ROWS	5	44817
179.19140625	0.0	ROWE	4	45873
179.25	0.0	ROWS	5	45888
180.875	0.0	ROWE	4	46304
180.93359375	0.0	ROWS	5	46319
185.05859375	0.0	ROWE	4	47375
185.12890625	0.0	ROWS	5	47393
188.9921875	0.0	ROWE	4	48382
189.05859375	0.0	ROWS	5	48399
193.32421875	0.0	ROWE	4	49491
193.37890625	0.0	ROWS	5	49505
197.54296875	0.0	ROWE	4	50571
197.59765625	0.0	ROWS	5	50585
198.82421875	0.0	ROWE	4	50899
198.8828125	0.0	ROWS	5	50914
203.140625	0.0	ROWE	4	52004
203.1953125	0.0	ROWS	5	52018
207.30859375	0.0	ROWE	4	53071
207.359375	0.0	ROWS	5	53084
208.125	0.0	ROWE	4	53280
208.1796875	0.0	ROWS	5	53294
212.32421875	0.0	ROWE	4	54355
212.38671875	0.0	ROWS	5	54371
216.640625	0.0	ROWE	4	55460
216.7109375	0.0	ROWS	5	55478
220.17578125	0.0	ROWE	4	56365
220.2421875	0.0	ROWS	5	56382
224.5078125	0.0	ROWE	4	57474
224.5625	0.0	ROWS	5	57488
228.7109375	0.0	ROWE	4	58550
228.765625	0.0	ROWS	5	58564
229.9921875	0.0	ROWE	4	58878
230.046875	0.0	ROWS	5	58892
234.19140625	0.0	ROWE	4	59953
234.24609375	0.0	ROWS	5	59967
238.42578125	0.0	ROWE	4	61037
238.484375	0.0	ROWS	5	61052
240.5234375	0.0	ROWE	4	61574
240.58203125	0.0	ROWS	5	61589
244.70703125	0.0	ROWE	4	62645
244.765625	0.0	ROWS	5	62660
248.95703125	0.0	ROWE	4	63733
249.015625	0.0	ROWS	5	63748
251.05859375	0.0	ROWE	4	64271
251.12109375	0.0	ROWS	5	64287
255.30859375	0.0	ROWE	4	65359
255.375	0.0	ROWS	5	65376
259.65625	0.0	ROWE	4	66472
259.73046875	0.0	ROWS	5	66491
263.125	0.0	ROWE	4	67360
263.1953125	0.0	ROWS	5	67378
267.5390625	0.0	ROWE	4	68490
267.6015625	0.0	ROWS	5	68506
271.72265625	0.0	ROWE	4	69561
271.78125	0.0	ROWS	5	69576
272.97265625	0.0	ROWE	4	69881
273.03515625	0.0	ROWS	5	69897
277.14453125	0.0	ROWE	4	70949
277.21875	0.0	ROWS	5	70968
281.55859375	0.0	ROWE	4	72079
281.62890625	0.0	ROWS	5	72097
285.4765625	0.0	ROWE	4	73082
285.55078125	0.0	ROWS	5	73101
289.82421875	0.0	ROWE	4	74195
289.87890625	0.0	ROWS	5	74209
294.0546875	0.0	ROWE	4	75278
294.109375	0.0	ROWS	5	75292
294.92578125	0.0	ROWE	4	75501
294.98046875	0.0	ROWS	5	75515
299.07421875	0.0	ROWE	4	76563
299.12890625	0.0	ROWS	5	76577
303.32421875	0.0	ROWE	4	77651
303.3828125	0.0	ROWS	5	77666
305.45703125	0.0	ROWE	4	78197
305.515625	0.0	ROWS	5	78212
309.62109375	0.0	ROWE	4	79263
309.67578125	0.0	ROWS	5	79277
313.85546875	0.0	ROWE	4	80347
313.91015625	0.0	ROWS	5	80361
314.6875	0.0	ROWE	4	80560
314.73046875	0.0	ROWS	5	80571
318.6875	0.0	ROWE	4	81584
318.74609375	0.0	ROWS	5	81599
320.7734375	0.0	ROWE	4	82118
320.8984375	0.0	ROWS	5	82150
325.0546875	0.0	ROWE	4	83214
325.10546875	0.0	ROWS	5	83227
329.23828125	0.0	ROWE	4	84285
329.29296875	0.0	ROWS	5	84299
330.48828125	0.0	ROWE	4	84605
330.546875	0.0	ROWS	5	84620
334.703125	0.0	ROWE	4	85684
334.77734375	0.0	ROWS	5	85703
339.0546875	0.0	ROWE	4	86798
339.12890625	0.0	ROWS	5	86817
343.0234375	0.0	ROWE	4	87814
343.09375	0.0	ROWS	5	87832
347.37109375	0.0	ROWE	4	88927
347.4296875	0.0	ROWS	5	88942
351.5546875	0.0	ROWE	4	89998
351.62109375	0.0	ROWS	5	90015
354.10546875	0.0	ROWE	4	90651
354.1640625	0.0	ROWS	5	90666
358.37109375	0.0	ROWE	4	91743
358.4296875	0.0	ROWS	5	91758
362.5703125	0.0	ROWE	4	92818
362.62890625	0.0	ROWS	5	92833
363.83984375	0.0	ROWE	4	93143
363.8984375	0.0	ROWS	5	93158
368.0390625	0.0	ROWE	4	94218
368.1015625	0.0	ROWS	5	94234
372.2890625	0.0	ROWE	4	95306
372.3515625	0.0	ROWS	5	95322
374.8203125	0.0	ROWE	4	95954
374.88671875	0.0	ROWS	5	95971
379.0390625	0.0	ROWE	4	97034
379.109375	0.0	ROWS	5	97052
383.37109375	0.0	ROWE	4	98143
383.4375	0.0	ROWS	5	98160
387.3203125	0.0	ROWE	4	99154
387.38671875	0.0	ROWS	5	99171
391.51953125	0.0	ROWE	4	100229
391.56640625	0.0	ROWS	5	100241
395.53515625	0.0	ROWE	4	101257
395.5859375	0.0	ROWS	5	101270
395.953125	0.0	ROWE	4	101364
396.0078125	0.0	ROWS	5	101378
400.01953125	0.0	ROWE	4	102405
400.08984375	0.0	ROWS	5	102423
403.921875	0.0	ROWE	4	103404
403.98828125	0.0	ROWS	5	103421
408.3203125	0.0	ROWE	4	104530
408.390625	0.0	ROWS	5	104548
412.65234375	0.0	ROWE	4	105639
412.72265625	0.0	ROWS	5	105657
416.53515625	0.0	ROWE	4	106633
416.6796875	0.0	ROWS	5	106670
420.90234375	0.0	ROWE	4	107751
420.97265625	0.0	ROWS	5	107769
424.8046875	0.0	ROWE	4	108750
424.87109375	0.0	ROWS	5	108767
429.12109375	0.0	ROWE	4	109855
429.18359375	0.0	ROWS	5	109871
433.40234375	0.0	ROWE	4	110951
433.46484375	0.0	ROWS	5	110967
436.73828125	0.0	ROWE	4	111805
436.80078125	0.0	ROWS	5	111821
440.9375	0.0	ROWE	4	112880
440.98828125	0.0	ROWS	5	112893
445.1875	0.0	ROWE	4	113968
445.2421875	0.0	ROWS	5	113982
446.8515625	0.0	ROWE	4	114394
446.91015625	0.0	ROWS	5	114409
451.12109375	0.0	ROWE	4	115487
451.19140625	0.0	ROWS	5	115505
455.46875	0.0	ROWE	4	116600
455.5390625	0.0	ROWS	5	116618
459.8359375	0.0	ROWE	4	117718
459.90234375	0.0	ROWS	5	117735
464.234375	0.0	ROWE	4	118844
464.29296875	0.0	ROWS	5	118859
468.43359375	0.0	ROWE	4	119919
468.4921875	0.0	ROWS	5	119934
470.51953125	0.0	ROWE	4	120453
470.5703125	0.0	ROWS	5	120466
474.5859375	0.0	ROWE	4	121494
474.6484375	0.0	ROWS	5	121510
477.0859375	0.0	ROWE	4	122134
477.14453125	0.0	ROWS	5	122149
481.25	0.0	ROWE	4	123200
481.38671875	0.0	ROWS	5	123235
485.50390625	0.0	ROWE	4	124289
485.5625	0.0	ROWS	5	124304
488.0	0.0	ROWE	4	124928
488.0625	0.0	ROWS	5	124944
492.16796875	0.0	ROWE	4	125995
492.21875	0.0	ROWS	5	126008
496.16796875	0.0	ROWE	4	127019
496.21875	0.0	ROWS	5	127032
496.5859375	0.0	ROWE	4	127126
496.63671875	0.0	ROWS	5	127139
500.75390625	0.0	ROWE	4	128193
500.8984375	0.0	ROWS	5	128230
505.16796875	0.0	ROWE	4	129323
505.234375	0.0	ROWS	5	129340
508.63671875	0.0	ROWE	4	130211
508.69921875	0.0	ROWS	5	130227
512.96875	0.0	ROWE	4	131320
513.03515625	0.0	ROWS	5	131337
517.3828125	0.0	ROWE	4	132450
517.4453125	0.0	ROWS	5	132466
521.1328125	0.0	ROWE	4	133410
521.19140625	0.0	ROWS	5	133425
523.6328125	0.0	ROWE	4	134050
523.6953125	0.0	ROWS	5	134066
527.8515625	0.0	ROWE	4	135130
527.9140625	0.0	ROWS	5	135146
532.03125	0.0	ROWE	4	136200
532.09765625	0.0	ROWS	5	136217
536.0	0.0	ROWE	4	137216
536.0703125	0.0	ROWS	5	137234
540.3359375	0.0	ROWE	4	138326
540.39453125	0.0	ROWS	5	138341
544.5	0.0	ROWE	4	139392
544.56640625	0.0	ROWS	5	139409
546.6015625	0.0	ROWE	4	139930
546.66015625	0.0	ROWS	5	139945
550.78515625	0.0	ROWE	4	141001
550.921875	0.0	ROWS	5	141036
555.03125	0.0	ROWE	4	142088
555.09375	0.0	ROWS	5	142104
557.1171875	0.0	ROWE	4	142622
557.1796875	0.0	ROWS	5	142638
561.3359375	0.0	ROWE	4	143702
561.39453125	0.0	ROWS	5	143717
565.53125	0.0	ROWE	4	144776
565.59765625	0.0	ROWS	5	144793
568.06640625	0.0	ROWE	4	145425
568.12890625	0.0	ROWS	5	145441
572.33203125	0.0	ROWE	4	146517
572.390625	0.0	ROWS	5	146532
576.51953125	0.0	ROWE	4	147589
576.578125	0.0	ROWS	5	147604
578.59765625	0.0	ROWE	4	148121
578.66015625	0.0	ROWS	5	148137
582.765625	0.0	ROWE	4	149188
582.82421875	0.0	ROWS	5	149203
586.94921875	0.0	ROWE	4	150259
587.00390625	0.0	ROWS	5	150273
589.05078125	0.0	ROWE	4	150797
589.1953125	0.0	ROWS	5	150834
593.30078125	0.0	ROWE	4	151885
593.3671875	0.0	ROWS	5	151902
597.6328125	0.0	ROWE	4	152994
597.69921875	0.0	ROWS	5	153011
601.09765625	0.0	ROWE	4	153881
601.1640625	0.0	ROWS	5	153898
605.33203125	0.0	ROWE	4	154965
605.38671875	0.0	ROWS	5	154979
609.6171875	0.0	ROWE	4	156062
609.671875	0.0	ROWS	5	156076
610.8984375	0.0	ROWE	4	156390
610.953125	0.0	ROWS	5	156404
615.11328125	0.0	ROWE	4	157469
615.18359375	0.0	ROWS	5	157487
618.98046875	0.0	ROWE	4	158459
619.0546875	0.0	ROWS	5	158478
623.31640625	0.0	ROWE	4	159569
623.37890625	0.0	ROWS	5	159585
627.5	0.0	ROWE	4	160640
627.65234375	0.0	ROWS	5	160679
630.61328125	0.0	ROWE	4	161437
630.68359375	0.0	ROWS	5	161455
634.94921875	0.0	ROWE	4	162547
635.00390625	0.0	ROWS	5	162561
639.19921875	0.0	ROWE	4	163635
639.25390625	0.0	ROWS	5	163649
639.61328125	0.0	ROWE	4	163741
639.66796875	0.0	ROWS	5	163755
643.6484375	0.0	ROWE	4	164774
643.70703125	0.0	ROWS	5	164789
647.84765625	0.0	ROWE	4	165849
647.90625	0.0	ROWS	5	165864
650.84765625	0.0	ROWE	4	166617
650.90625	0.0	ROWS	5	166632
654.1796875	0.0	ROWE	4	167470
654.24609375	0.0	ROWS	5	167487
658.3984375	0.0	ROWE	4	168550
658.44921875	0.0	ROWS	5	168563
662.59765625	0.0	ROWE	4	169625
662.65234375	0.0	ROWS	5	169639
664.28125	0.0	ROWE	4	170056
664.328125	0.0	ROWS	5	170068
668.28125	0.0	ROWE	4	171080
668.328125	0.0	ROWS	5	171092
669.11328125	0.0	ROWE	4	171293
669.1640625	0.0	ROWS	5	171306
673.23046875	0.0	ROWE	4	172347
673.29296875	0.0	ROWS	5	172363
677.53125	0.0	ROWE	4	173448
677.58984375	0.0	ROWS	5	173463
680.46484375	0.0	ROWE	4	174199
680.52734375	0.0	ROWS	5	174215
684.796875	0.0	ROWE	4	175308
684.8515625	0.0	ROWS	5	175322
689.015625	0.0	ROWE	4	176388
689.0703125	0.0	ROWS	5	176402
689.86328125	0.0	ROWE	4	176605
689.9140625	0.0	ROWS	5	176618
694.11328125	0.0	ROWE	4	177693
694.171875	0.0	ROWS	5	177708
698.27734375	0.0	ROWE	4	178759
698.42578125	0.0	ROWS	5	178797
700.4453125	0.0	ROWE	4	179314
700.5078125	0.0	ROWS	5	179330
704.62890625	0.0	ROWE	4	180385
704.6953125	0.0	ROWS	5	180402
708.99609375	0.0	ROWE	4	181503
709.0625	0.0	ROWS	5	181520
713.328125	0.0	ROWE	4	182612
713.390625	0.0	ROWS	5	182628
717.59765625	0.0	ROWE	4	183705
717.66015625	0.0	ROWS	5	183721
720.546875	0.0	ROWE	4	184460
720.609375	0.0	ROWS	5	184476
724.87890625	0.0	ROWE	4	185569
724.9453125	0.0	ROWS	5	185586
729.2109375	0.0	ROWE	4	186678
729.27734375	0.0	ROWS	5	186695
732.6796875	0.0	ROWE	4	187566
732.7421875	0.0	ROWS	5	187582
736.98046875	0.0	ROWE	4	188667
737.04296875	0.0	ROWS	5	188683
741.1953125	0.0	ROWE	4	189746
741.26171875	0.0	ROWS	5	189763
744.66015625	0.0	ROWE	4	190633
744.72265625	0.0	ROWS	5	190649
748.86328125	0.0	ROWE	4	191709
748.91796875	0.0	ROWS	5	191723
753.046875	0.0	ROWE	4	192780
753.1015625	0.0	ROWS	5	192794
754.73046875	0.0	ROWE	4	193211
754.7890625	0.0	ROWS	5	193226
758.89453125	0.0	ROWE	4	194277
758.953125	0.0	ROWS	5	194292
763.078125	0.0	ROWE	4	195348
763.140625	0.0	ROWS	5	195364
765.1796875	0.0	ROWE	4	195886
765.23828125	0.0	ROWS	5	195901
769.34765625	0.0	ROWE	4	196953
769.41015625	0.0	ROWS	5	196969
773.546875	0.0	ROWE	4	198028
773.609375	0.0	ROWS	5	198044
776.04296875	0.0	ROWE	4	198667
776.109375	0.0	ROWS	5	198684
780.34375	0.0	ROWE	4	199768
780.40625	0.0	ROWS	5	199784
784.578125	0.0	ROWE	4	200852
784.64453125	0.0	ROWS	5	200869
787.52734375	0.0	ROWE	4	201607
787.578125	0.0	ROWS	5	201620
791.52734375	0.0	ROWE	4	202631
791.578125	0.0	ROWS	5	202644
792.77734375	0.0	ROWE	4	202951
792.828125	0.0	ROWS	5	202964
797.01171875	0.0	ROWE	4	204035
797.07421875	0.0	ROWS	5	204051
801.4296875	0.0	ROWE	4	205166
801.49609375	0.0	ROWS	5	205183
805.76171875	0.0	ROWE	4	206275
805.82421875	0.0	ROWS	5	206291
809.9921875	0.0	ROWE	4	207358
810.05078125	0.0	ROWS	5	207373
814.17578125	0.0	ROWE	4	208429
814.23828125	0.0	ROWS	5	208445
817.109375	0.0	ROWE	4	209180
817.16015625	0.0	ROWS	5	209193
821.37890625	0.0	ROWE	4	210273
821.43359375	0.0	ROWS	5	210287
823.87890625	0.0	ROWE	4	210913
823.9375	0.0	ROWS	5	210928
828.04296875	0.0	ROWE	4	211979
828.11328125	0.0	ROWS	5	211997
832.37890625	0.0	ROWE	4	213089
832.453125	0.0	ROWS	5	213108
836.7109375	0.0	ROWE	4	214198
836.77734375	0.0	ROWS	5	214215
841.04296875	0.0	ROWE	4	215307
841.10546875	0.0	ROWS	5	215323
845.390625	0.0	ROWE	4	216420
845.453125	0.0	ROWS	5	216436
848.375	0.0	ROWE	4	217184
848.44140625	0.0	ROWS	5	217201
852.59375	0.0	ROWE	4	218264
852.64453125	0.0	ROWS	5	218277
856.82421875	0.0	ROWE	4	219347
856.8828125	0.0	ROWS	5	219362
858.09375	0.0	ROWE	4	219672
858.1484375	0.0	ROWS	5	219686
862.2578125	0.0	ROWE	4	220738
862.328125	0.0	ROWS	5	220756
866.67578125	0.0	ROWE	4	221869
866.75	0.0	ROWS	5	221888
871.02734375	0.0	ROWE	4	222983
871.09375	0.0	ROWS	5	223000
875.359375	0.0	ROWE	4	224092
875.4140625	0.0	ROWS	5	224106
879.57421875	0.0	ROWE	4	225171
879.640625	0.0	ROWS	5	225188
880.859375	0.0	ROWE	4	225500
880.921875	0.0	ROWS	5	225516
885.0234375	0.0	ROWE	4	226566
885.1953125	0.0	ROWS	5	226610
889.4609375	0.0	ROWE	4	227702
889.52734375	0.0	ROWS	5	227719
893.7734375	0.0	ROWE	4	228806
893.84765625	0.0	ROWS	5	228825
898.10546875	0.0	ROWE	4	229915
898.17578125	0.0	ROWS	5	229933
902.5234375	0.0	ROWE	4	231046
902.59765625	0.0	ROWS	5	231065
906.44140625	0.0	ROWE	4	232049
906.51171875	0.0	ROWS	5	232067
910.7734375	0.0	ROWE	4	233158
910.8359375	0.0	ROWS	5	233174
914.94140625	0.0	ROWE	4	234225
915.0	0.0	ROWS	5	234240
917.14453125	0.0	ROWE	4	234789
917.203125	0.0	ROWS	5	234804
921.32421875	0.0	ROWE	4	235859
921.375	0.0	ROWS	5	235872
925.5390625	0.0	ROWE	4	236938
925.58984375	0.0	ROWS	5	236951
925.95703125	0.0	ROWE	4	237045
925.99609375	0.0	ROWS	5	237055
929.95703125	0.0	ROWE	4	238069
930.01171875	0.0	ROWS	5	238083
932.04296875	0.0	ROWE	4	238603
932.1015625	0.0	ROWS	5	238618
936.20703125	0.0	ROWE	4	239669
936.2734375	0.0	ROWS	5	239686
940.5234375	0.0	ROWE	4	240774
940.69140625	0.0	ROWS	5	240817
944.5234375	0.0	ROWE	4	241798
944.59375	0.0	ROWS	5	241816
948.85546875	0.0	ROWE	4	242907
948.91796875	0.0	ROWS	5	242923
953.0234375	0.0	ROWE	4	243974
953.08984375	0.0	ROWS	5	243991
955.55859375	0.0	ROWE	4	244623
955.6171875	0.0	ROWS	5	244638
959.83984375	0.0	ROWE	4	245719
959.8984375	0.0	ROWS	5	245734
964.0234375	0.0	ROWE	4	246790
964.08203125	0.0	ROWS	5	246805
965.70703125	0.0	ROWE	4	247221
965.765625	0.0	ROWS	5	247236
969.921875	0.0	ROWE	4	248300
969.9921875	0.0	ROWS	5	248318
974.2578125	0.0	ROWE	4	249410
974.32421875	0.0	ROWS	5	249427
978.58984375	0.0	ROWE	4	250519
978.66015625	0.0	ROWS	5	250537
983.0234375	0.0	ROWE	4	251654
983.08203125	0.0	ROWS	5	251669
987.1875	0.0	ROWE	4	252720
987.24609375	0.0	ROWS	5	252735
988.85546875	0.0	ROWE	4	253147
988.91796875	0.0	ROWS	5	253163
993.0234375	0.0	ROWE	4	254214
993.09375	0.0	ROWS	5	254232
997.35546875	0.0	ROWE	4	255323
997.421875	0.0	ROWS	5	255340
1000.921875	0.0	ROWE	4	256236
1000.98828125	0.0	ROWS	5	256253
1005.2578125	0.0	ROWE	4	257346
1005.32421875	0.0	ROWS	5	257363
1009.58984375	0.0	ROWE	4	258455
1009.66015625	0.0	ROWS	5	258473
1013.921875	0.0	ROWE	4	259564
1013.9921875	0.0	ROWS	5	259582
1018.35546875	0.0	ROWE	4	260699
1018.41796875	0.0	ROWS	5	260715
1022.5234375	0.0	ROWE	4	261766
1022.58203125	0.0	ROWS	5	261781
1024.60546875	0.0	ROWE	4	262299
1024.66015625	0.0	ROWS	5	262313
1028.76953125	0.0	ROWE	4	263365
1028.82421875	0.0	ROWS	5	263379
1033.00390625	0.0	ROWE	4	264449
1033.0625	0.0	ROWS	5	264464
1034.703125	0.0	ROWE	4	264884
1034.7578125	0.0	ROWS	5	264898
1038.87109375	0.0	ROWE	4	265951
1038.92578125	0.0	ROWS	5	265965
1043.08984375	0.0	ROWE	4	267031
1043.14453125	0.0	ROWS	5	267045
1044.890625	0.0	ROWE	4	267492
1044.94921875	0.0	ROWS	5	267507
1049.08984375	0.0	ROWE	4	268567
1049.14453125	0.0	ROWS	5	268581
1053.26953125	0.0	ROWE	4	269637
1053.33203125	0.0	ROWS	5	269653
1054.5234375	0.0	ROWE	4	269958
1054.57421875	0.0	ROWS	5	269971
1058.75390625	0.0	ROWE	4	271041
1058.8203125	0.0	ROWS	5	271058
1062.65234375	0.0	ROWE	4	272039
1062.72265625	0.0	ROWS	5	272057
1066.98828125	0.0	ROWE	4	273149
1067.04296875	0.0	ROWS	5	273163
1071.22265625	0.0	ROWE	4	274233
1071.27734375	0.0	ROWS	5	274247
1072.98828125	0.0	ROWE	4	274685
1073.04296875	0.0	ROWS	5	274699
1077.203125	0.0	ROWE	4	275764
1077.26953125	0.0	ROWS	5	275781
1081.10546875	0.0	ROWE	4	276763
1081.171875	0.0	ROWS	5	276780
1085.4375	0.0	ROWE	4	277872
1085.50390625	0.0	ROWS	5	277889
1089.76953125	0.0	ROWE	4	278981
1089.8359375	0.0	ROWS	5	278998
1094.1875	0.0	ROWE	4	280112
1094.2421875	0.0	ROWS	5	280126
1098.3515625	0.0	ROWE	4	281178
1098.40625	0.0	ROWS	5	281192
1099.62109375	0.0	ROWE	4	281503
1099.671875	0.0	ROWS	5	281516
1103.8203125	0.0	ROWE	4	282578
1103.87109375	0.0	ROWS	5	282591
1107.88671875	0.0	ROWE	4	283619
1107.94140625	0.0	ROWS	5	283633
1108.703125	0.0	ROWE	4	283828
1108.75390625	0.0	ROWS	5	283841
1112.75390625	0.0	ROWE	4	284865
1112.80859375	0.0	ROWS	5	284879
1117.12109375	0.0	ROWE	4	285983
1117.17578125	0.0	ROWS	5	285997
1119.21875	0.0	ROWE	4	286520
1119.28125	0.0	ROWS	5	286536
1123.40234375	0.0	ROWE	4	287591
1123.453125	0.0	ROWS	5	287604
1127.63671875	0.0	ROWE	4	288675
1127.6875	0.0	ROWS	5	288688
1128.484375	0.0	ROWE	4	288892
1128.5390625	0.0	ROWS	5	288906
1132.6875	0.0	ROWE	4	289968
1132.7421875	0.0	ROWS	5	289982
1136.8515625	0.0	ROWE	4	291034
1136.9140625	0.0	ROWS	5	291050
1138.953125	0.0	ROWE	4	291572
1139.01171875	0.0	ROWS	5	291587
1143.13671875	0.0	ROWE	4	292643
1143.30859375	0.0	ROWS	5	292687
1146.68359375	0.0	ROWE	4	293551
1146.75	0.0	ROWS	5	293568
1150.94921875	0.0	ROWE	4	294643
1151.01953125	0.0	ROWS	5	294661
1155.28515625	0.0	ROWE	4	295753
1155.3515625	0.0	ROWS	5	295770
1159.18359375	0.0	ROWE	4	296751
1159.24609375	0.0	ROWS	5	296767
1163.3515625	0.0	ROWE	4	297818
1163.40625	0.0	ROWS	5	297832
1165.8515625	0.0	ROWE	4	298458
1165.91015625	0.0	ROWS	5	298473
1170.16796875	0.0	ROWE	4	299563
1170.23046875	0.0	ROWS	5	299579
1173.5859375	0.0	ROWE	4	300438
1173.65234375	0.0	ROWS	5	300455
1177.91796875	0.0	ROWE	4	301547
1177.96484375	0.0	ROWS	5	301559
1181.9375	0.0	ROWE	4	302576
1181.98828125	0.0	ROWS	5	302589
1182.3515625	0.0	ROWE	4	302682
1182.40625	0.0	ROWS	5	302696
1186.53515625	0.0	ROWE	4	303753
1186.6015625	0.0	ROWS	5	303770
1190.8828125	0.0	ROWE	4	304866
1190.953125	0.0	ROWS	5	304884
1195.31640625	0.0	ROWE	4	306001
1195.3671875	0.0	ROWS	5	306014
1199.3359375	0.0	ROWE	4	307030
1199.3828125	0.0	ROWS	5	307042
1199.75	0.0	ROWE	4	307136
1199.8046875	0.0	ROWS	5	307150
1203.81640625	0.0	ROWE	4	308177
1203.88671875	0.0	ROWS	5	308195
1208.1484375	0.0	ROWE	4	309286
1208.22265625	0.0	ROWS	5	309305
1212.6015625	0.0	ROWE	4	310426
1212.67578125	0.0	ROWS	5	310445
1216.93359375	0.0	ROWE	4	311535
1216.99609375	0.0	ROWS	5	311551
1221.21875	0.0	ROWE	4	312632
1221.28515625	0.0	ROWS	5	312649
1224.21875	0.0	ROWE	4	313400
1224.265625	0.0	ROWS	5	313412
1228.234375	0.0	ROWE	4	314428
1228.2890625	0.0	ROWS	5	314442
1229.5	0.0	ROWE	4	314752
1229.55078125	0.0	ROWS	5	314765
1233.71484375	0.0	ROWE	4	315831
1233.76953125	0.0	ROWS	5	315845
1238.0	0.0	ROWE	4	316928
1238.0546875	0.0	ROWS	5	316942
1239.265625	0.0	ROWE	4	317252
1239.32421875	0.0	ROWS	5	317267
1243.53125	0.0	ROWE	4	318344
1243.58984375	0.0	ROWS	5	318359
1247.69921875	0.0	ROWE	4	319411
1247.7578125	0.0	ROWS	5	319426
1249.78515625	0.0	ROWE	4	319945
1249.84375	0.0	ROWS	5	319960
1253.94921875	0.0	ROWE	4	321011
1254.015625	0.0	ROWS	5	321028
1258.28125	0.0	ROWE	4	322120
1258.35546875	0.0	ROWS	5	322139
1261.8671875	0.0	ROWE	4	323038
1261.9375	0.0	ROWS	5	323056
1266.23046875	0.0	ROWE	4	324155
1266.30859375	0.0	ROWS	5	324175
1270.56640625	0.0	ROWE	4	325265
1270.63671875	0.0	ROWS	5	325283
1274.90234375	0.0	ROWE	4	326375
1274.94921875	0.0	ROWS	5	326387
1279.06640625	0.0	ROWE	4	327441
1279.1171875	0.0	ROWS	5	327454
1279.48046875	0.0	ROWE	4	327547
1279.53125	0.0	ROWS	5	327560
1283.546875	0.0	ROWE	4	328588
1283.60546875	0.0	ROWS	5	328603
1287.734375	0.0	ROWE	4	329660
1287.796875	0.0	ROWS	5	329676
1290.28125	0.0	ROWE	4	330312
1290.34375	0.0	ROWS	5	330328
1294.44921875	0.0	ROWE	4	331379
1294.5078125	0.0	ROWS	5	331394
1298.6484375	0.0	ROWE	4	332454
1298.703125	0.0	ROWS	5	332468
1300.765625	0.0	ROWE	4	332996
1300.8203125	0.0	ROWS	5	333010
1304.94921875	0.0	ROWE	4	334067
1305.01171875	0.0	ROWS	5	334083
1309.33203125	0.0	ROWE	4	335189
1309.3984375	0.0	ROWS	5	335206
1312.796875	0.0	ROWE	4	336076
1312.859375	0.0	ROWS	5	336092
1317.046875	0.0	ROWE	4	337164
1317.10546875	0.0	ROWS	5	337179
1321.25	0.0	ROWE	4	338240
1321.30859375	0.0	ROWS	5	338255
1323.34765625	0.0	ROWE	4	338777
1323.41015625	0.0	ROWS	5	338793
1327.515625	0.0	ROWE	4	339844
1327.5859375	0.0	ROWS	5	339862
1331.8515625	0.0	ROWE	4	340954
1331.92578125	0.0	ROWS	5	340973
1336.296875	0.0	ROWE	4	342092
1336.35546875	0.0	ROWS	5	342107
1340.484375	0.0	ROWE	4	343164
1340.5390625	0.0	ROWS	5	343178
1342.1640625	0.0	ROWE	4	343594
1342.21875	0.0	ROWS	5	343608
1346.36328125	0.0	ROWE	4	344669
1346.4296875	0.0	ROWS	5	344686
1350.59765625	0.0	ROWE	4	345753
1350.6640625	0.0	ROWS	5	345770
1354.0625	0.0	ROWE	4	346640
1354.1328125	0.0	ROWS	5	346658
1358.515625	0.0	ROWE	4	347780
1358.5703125	0.0	ROWS	5	347794
1362.6796875	0.0	ROWE	4	348846
1362.73828125	0.0	ROWS	5	348861
1364.76171875	0.0	ROWE	4	349379
1364.8203125	0.0	ROWS	5	349394
1368.99609375	0.0	ROWE	4	350463
1369.05859375	0.0	ROWS	5	350479
1371.51171875	0.0	ROWE	4	351107
1371.57421875	0.0	ROWS	5	351123
1375.6796875	0.0	ROWE	4	352174
1375.75	0.0	ROWS	5	352192
1380.01171875	0.0	ROWE	4	353283
1380.078125	0.0	ROWS	5	353300
1384.37890625	0.0	ROWE	4	354401
1384.44140625	0.0	ROWS	5	354417
1386.89453125	0.0	ROWE	4	355045
1386.94921875	0.0	ROWS	5	355059
1391.09765625	0.0	ROWE	4	356121
1391.16015625	0.0	ROWS	5	356137
1395.41015625	0.0	ROWE	4	357225
1395.4765625	0.0	ROWS	5	357242
1399.76171875	0.0	ROWE	4	358339
1399.8359375	0.0	ROWS	5	358358
1404.12890625	0.0	ROWE	4	359457
1404.18359375	0.0	ROWS	5	359471
1408.4453125	0.0	ROWE	4	360562
1408.5	0.0	ROWS	5	360576
1409.27734375	0.0	ROWE	4	360775
1409.33203125	0.0	ROWS	5	360789
1413.51171875	0.0	ROWE	4	361859
1413.5859375	0.0	ROWS	5	361878
1417.86328125	0.0	ROWE	4	362973
1417.9296875	0.0	ROWS	5	362990
1421.76171875	0.0	ROWE	4	363971
1421.828125	0.0	ROWS	5	363988
1426.11328125	0.0	ROWE	4	365085
1426.1640625	0.0	ROWS	5	365098
1430.4453125	0.0	ROWE	4	366194
1430.5	0.0	ROWS	5	366208
1431.7265625	0.0	ROWE	4	366522
1431.78125	0.0	ROWS	5	366536
1435.98046875	0.0	ROWE	4	367611
1436.046875	0.0	ROWS	5	367628
1440.2421875	0.0	ROWE	4	368702
1440.3125	0.0	ROWS	5	368720
1443.6953125	0.0	ROWE	4	369586
1443.7578125	0.0	ROWS	5	369602
1448.02734375	0.0	ROWE	4	370695
1448.0859375	0.0	ROWS	5	370710
1452.2109375	0.0	ROWE	4	371766
1452.26953125	0.0	ROWS	5	371781
1453.87890625	0.0	ROWE	4	372193
1453.9375	0.0	ROWS	5	372208
1458.046875	0.0	ROWE	4	373260
1458.109375	0.0	ROWS	5	373276
1462.359375	0.0	ROWE	4	374364
1462.42578125	0.0	ROWS	5	374381
1464.4765625	0.0	ROWE	4	374906
1464.53515625	0.0	ROWS	5	374921
1468.64453125	0.0	ROWE	4	375973
1468.6953125	0.0	ROWS	5	375986
1472.87890625	0.0	ROWE	4	377057
1472.9296875	0.0	ROWS	5	377070
1473.29296875	0.0	ROWE	4	377163
1473.34765625	0.0	ROWS	5	377177
1477.52734375	0.0	ROWE	4	378247
1477.58984375	0.0	ROWS	5	378263
1481.8125	0.0	ROWE	4	379344
1481.875	0.0	ROWS	5	379360
1484.79296875	0.0	ROWE	4	380107
1484.85546875	0.0	ROWS	5	380123
1489.09375	0.0	ROWE	4	381208
1489.1640625	0.0	ROWS	5	381226
1493.55859375	0.0	ROWE	4	382351
1493.6328125	0.0	ROWS	5	382370
1497.92578125	0.0	ROWE	4	383469
1497.984375	0.0	ROWS	5	383484
1502.109375	0.0	ROWE	4	384540
1502.1640625	0.0	ROWS	5	384554
1502.94140625	0.0	ROWE	4	384753
1502.99609375	0.0	ROWS	5	384767
1507.125	0.0	ROWE	4	385824
1507.1796875	0.0	ROWS	5	385838
1511.36328125	0.0	ROWE	4	386909
1511.4140625	0.0	ROWS	5	386922
1512.1953125	0.0	ROWE	4	387122
1512.24609375	0.0	ROWS	5	387135
1516.375	0.0	ROWE	4	388192
1516.4296875	0.0	ROWS	5	388206
1520.54296875	0.0	ROWE	4	389259
1520.6015625	0.0	ROWS	5	389274
1522.34375	0.0	ROWE	4	389720
1522.40234375	0.0	ROWS	5	389735
1526.54296875	0.0	ROWE	4	390795
1526.609375	0.0	ROWS	5	390812
1530.875	0.0	ROWE	4	391904
1530.94140625	0.0	ROWS	5	391921
1534.8125	0.0	ROWE	4	392912
1534.87890625	0.0	ROWS	5	392929
1539.140625	0.0	ROWE	4	394020
1539.19140625	0.0	ROWS	5	394033
1543.2109375	0.0	ROWE	4	395062
1543.2578125	0.0	ROWS	5	395074
1543.609375	0.0	ROWE	4	395164
1543.66015625	0.0	ROWS	5	395177
1547.70703125	0.0	ROWE	4	396213
1547.77734375	0.0	ROWS	5	396231
1552.16015625	0.0	ROWE	4	397353
1552.23046875	0.0	ROWS	5	397371
1556.0625	0.0	ROWE	4	398352
1556.1328125	0.0	ROWS	5	398370
1560.39453125	0.0	ROWE	4	399461
1560.4453125	0.0	ROWS	5	399474
1564.609375	0.0	ROWE	4	400540
1564.6640625	0.0	ROWS	5	400554
1565.42578125	0.0	ROWE	4	400749
1565.4765625	0.0	ROWS	5	400762
1569.58984375	0.0	ROWE	4	401815
1569.6484375	0.0	ROWS	5	401830
1573.80859375	0.0	ROWE	4	402895
1573.86328125	0.0	ROWS	5	402909
1575.4921875	0.0	ROWE	4	403326
1575.546875	0.0	ROWS	5	403340
1579.69140625	0.0	ROWE	4	404401
1579.74609375	0.0	ROWS	5	404415
1584.01171875	0.0	ROWE	4	405507
1584.0703125	0.0	ROWS	5	405522
1585.67578125	0.0	ROWE	4	405933
1585.72265625	0.0	ROWS	5	405945
1589.73828125	0.0	ROWE	4	406973
1589.796875	0.0	ROWS	5	406988
1592.2421875	0.0	ROWE	4	407614
1592.30078125	0.0	ROWS	5	407629
1596.42578125	0.0	ROWE	4	408685
1596.48828125	0.0	ROWS	5	408701
1600.32421875	0.0	ROWE	4	409683
1600.3828125	0.0	ROWS	5	409698
1604.4921875	0.0	ROWE	4	410750
1604.55078125	0.0	ROWS	5	410765
1606.60546875	0.0	ROWE	4	411291
1606.66796875	0.0	ROWS	5	411307
1610.77734375	0.0	ROWE	4	412359
1610.953125	0.0	ROWS	5	412404
1615.07421875	0.0	ROWE	4	413459
1615.1328125	0.0	ROWS	5	413474
1615.90625	0.0	ROWE	4	413672
1615.96484375	0.0	ROWS	5	413687
1620.15625	0.0	ROWE	4	414760
1620.21484375	0.0	ROWS	5	414775
1624.33984375	0.0	ROWE	4	415831
1624.39453125	0.0	ROWS	5	415845
1626.84375	0.0	ROWE	4	416472
1626.90234375	0.0	ROWS	5	416487
1631.0078125	0.0	ROWE	4	417538
1631.0625	0.0	ROWS	5	417552
1635.1875	0.0	ROWE	4	418608
1635.24609375	0.0	ROWS	5	418623
1637.2734375	0.0	ROWE	4	419142
1637.33203125	0.0	ROWS	5	419157
1641.45703125	0.0	ROWE	4	420213
1641.6484375	0.0	ROWS	5	420262
1645.47265625	0.0	ROWE	4	421241
1645.5390625	0.0	ROWS	5	421258
1649.8046875	0.0	ROWE	4	422350
1649.8671875	0.0	ROWS	5	422366
1654.0234375	0.0	ROWE	4	423430
1654.08984375	0.0	ROWS	5	423447
1657.40625	0.0	ROWE	4	424296
1657.45703125	0.0	ROWS	5	424309
1661.640625	0.0	ROWE	4	425380
1661.69921875	0.0	ROWS	5	425395
1663.7734375	0.0	ROWE	4	425926
1663.83203125	0.0	ROWS	5	425941
1667.9375	0.0	ROWE	4	426992
1668.00390625	0.0	ROWS	5	427009
1671.83984375	0.0	ROWE	4	427991
1671.90625	0.0	ROWS	5	428008
1676.3203125	0.0	ROWE	4	429138
1676.37890625	0.0	ROWS	5	429153
1680.5390625	0.0	ROWE	4	430218
1680.6015625	0.0	ROWS	5	430234
1682.65625	0.0	ROWE	4	430760
1682.71484375	0.0	ROWS	5	430775
1686.87109375	0.0	ROWE	4	431839
1686.921875	0.0	ROWS	5	431852
1691.10546875	0.0	ROWE	4	432923
1691.15625	0.0	ROWS	5	432936
1691.94140625	0.0	ROWE	4	433137
1691.9921875	0.0	ROWS	5	433150
1696.140625	0.0	ROWE	4	434212
1696.203125	0.0	ROWS	5	434228
1700.4375	0.0	ROWE	4	435312
1700.5078125	0.0	ROWS	5	435330
1704.0390625	0.0	ROWE	4	436234
1704.109375	0.0	ROWS	5	436252
1708.421875	0.0	ROWE	4	437356
1708.48046875	0.0	ROWS	5	437371
1712.63671875	0.0	ROWE	4	438435
1712.6953125	0.0	ROWS	5	438450
1713.51953125	0.0	ROWE	4	438661
1713.55859375	0.0	ROWS	5	438671
1717.51953125	0.0	ROWE	4	439685
1717.5546875	0.0	ROWS	5	439694
1719.0703125	0.0	ROWE	4	440082
1722.3359375	0.0	EYEE	3	440918
